2727
453
344
2721
454
2715
246
2640
2906
2656
2709
2737
140
102
2658
2824
2642
2649
6
2713
2676
2720
2870
2846
2785
2701
2712
2789
2879
2834
2881
2821
2873
2874
2875
461
2638
2845
2728
2825
2878
2887
2654
2757
2655
2842
2863
2637
2828
2686
2820
2822
2819
2684
2800
2817
2664
2833
2702
2788
2763
2811
2732
2809
2663
2688
449
462
2652
463
291
2826
2635
2767
2839
2783
2832
2843
2886
2687
2659
2756
2813
2743
2812
2639
2806
2748
2758
2778
7
465
467
2772
2860
2744
2803
1
370
204
16
25
337
137
177
2716
236
366
371
2786
2869
163
2762
2753
2678
2791
76
362
91
320
2864
2669
2648
2829
2844
2752
2750
2759
2781
2797
2683
2723
2682
2747
2810
2657
2838
2754
2679
2818
2641
2634
2837
2685
2705
2769
2784
2787
450
199
219
234
2790
97
235
138
218
2775
96
2893
2847
455
2895
441
2629
2689
2749
2831
2675
457
2714
2733
58
98
2882
2894
2876
2830
2768
2630
2632
2704
2888
2885
2896
2729
2897
2665
2804
166
2801
2770
2693
2780
2695
2680
2730
2760
2738
2805
358
396
397
2766
2794
220
152
211
296
214
343
4
5
215
41
150
34
311
95
329
278
307
85
228
190
277
134
363
144
35
359
197
2672
276
154
151
425
242
426
202
433
99
192
2725
432
100
368
94
148
438
143
32
127
203
227
196
245
147
2726
2724
328
2742
2674
2735
2792
2793
2751
2776
2891
2871
2890
2856
2892
2841
2631
2765
2700
419
2795
2699
2694
2815
2755
2774
2779
2807
115
73
180
69
297
113
2722
132
170
133
195
106
167
212
179
2816
213
294
2645
2666
103
114
217
2636
101
2823
2746
2796
298
59
72
61
383
191
104
194
13
2647
112
2848
2668
460
2761
2660
2777
2681
2898
2677
2671
306
2889
105
119
129
31
2877
2696
2710
2633
2646
273
303
120
174
160
445
237
318
149
2853
2862
446
259
165
255
412
43
437
402
439
162
424
407
93
354
382
324
21
38
77
2866
2850
468
2698
2740
2673
2739
2745
187
186
316
263
386
253
326
323
339
325
422
315
317
387
37
2827
334
121
135
349
351
2808
286
2814
251
67
198
427
68
2861
310
92
393
2708
224
2706
122
308
18
404
444
282
131
221
2835
398
274
392
107
2855
451
27
136
262
442
2883
2884
464
84
2836
458
466
406
448
22
124
436
156
313
2852
48
260
2858
2840
2667
2736
33
360
340
2711
395
2851
2703
2802
238
252
130
309
2
3
357
391
2691
161
388
90
380
239
258
40
281
159
429
232
288
110
206
56
125
169
327
287
352
403
123
2731
295
376
183
283
268
272
409
54
55
367
230
299
435
49
384
250
261
182
111
378
430
223
164
229
390
411
377
89
116
240
418
185
45
348
375
266
29
2782
200
275
231
447
374
44
47
364
17
225
2865
193
53
342
66
365
413
2741
2872
39
46
408
420
305
389
80
28
302
312
254
289
128
330
155
361
284
381
319
145
405
88
265
83
421
271
292
141
10
153
244
86
415
70
216
51
184
176
356
2905
175
301
347
78
168
285
209
443
30
146
400
256
264
87
350
249
257
290
385
243
300
52
423
399
416
293
304
2734
401
410
394
178
181
118
322
452
456
139
205
2690
173
109
201
241
321
353
332
369
20
279
157
314
2899
2908
2900
2907
267
247
248
24
171
42
331
372
26
434
336
108
2798
2799
65
126
60
50
172
81
431
222
207
417
12
23
341
158
270
62
11
79
36
269
57
379
2697
82
333
335
338
373
2653
208
8
355
74
2718
346
2644
75
142
64
2311
2299
2344
2323
2298
2332
2262
2263
2286
2287
2310
2274
2322
2343
2275
2333
210
2670
2904
2903
2901
2902
2849
2857
414
188
71
9
63
345
428
440
2880
2643
2662
189
2773
226
2707
459
2650
2651
15
280
2719
117
2854
2859
2868
2867
2764
2717
2692
14
233
2661
19
2771
998
2446
2472
2529
2469
2493
2481
2506
2495
2528
2494
2507
2458
2309
2261
2259
2284
2329
2273
2285
2271
2308
2319
2398
2513
2465
2361
2397
2459
2518
2505
2447
2517
2349
2386
2445
2421
2457
2448
2483
2470
2527
2471
2482
2362
2524
2350
2501
2460
2516
2374
2410
2432
2431
2441
2477
2373
2385
2489
2409
2453
2396
2408
2429
2348
2440
2406
2360
2372
2384
2418
2420
2390
2365
2435
2377
2400
2425
2376
2388
2353
2414
2366
2401
2436
2402
2354
2434
2423
2389
2412
2413
2367
2378
2424
2355
2379
2382
2358
2438
2392
2426
2428
2393
2394
2427
2380
2405
2403
2370
2415
2368
2369
2416
2381
2357
2404
2417
2439
2356
2391
2437
481
521
552
529
493
505
469
517
541
474
544
486
509
497
498
475
522
556
473
533
485
545
534
510
555
1041
1562
1471
1446
1459
1518
1550
1493
1434
1538
1458
1526
1530
1574
1482
1502
1470
1554
1435
1514
1447
1411
1542
1423
1506
1585
1007
1018
2110
2099
2103
972
984
2479
2474
2486
973
977
528
1407
1326
1373
1394
1352
1384
1349
1337
1350
1385
1316
1362
1338
1405
1372
1328
1406
1364
1340
1383
1361
1395
1325
1396
1346
1370
1404
1348
1360
1336
1371
1347
1381
1402
1324
1382
1393
1322
1358
1335
1357
1369
1359
1380
1392
1391
1403
1002
941
1057
1069
965
954
953
1105
1001
1033
1045
1013
1093
966
1012
942
1081
1037
1116
978
989
1023
990
1024
1603
1661
1684
1626
1660
1615
1639
1627
1601
1613
1663
1683
1649
1650
2297
2283
2318
2341
2260
2295
2307
2330
2342
2331
2340
2321
2296
2272
2320
2303
2345
2254
2334
2288
2300
2335
2267
2346
2327
2337
2302
2290
2324
2278
2314
2312
2315
2266
2291
2326
2276
2279
2255
2264
1314
2351
1452
1453
1440
1417
1428
1488
1476
1427
1487
1416
1497
1418
1451
1475
1464
1486
1498
1465
1463
1439
1441
1546
1591
1570
1545
1512
1521
1547
1580
1593
1534
1511
1581
1522
1582
1592
1533
1557
1509
1523
1569
1571
1535
1559
1510
1558
1276
1239
1288
1310
1252
1286
1297
1299
1265
1229
1277
1309
1253
1227
1251
1263
1298
1241
1287
1240
1275
1228
1308
883
871
894
859
919
951
848
870
963
930
847
884
896
908
895
882
906
975
907
939
860
929
872
918
1449
1485
1448
1450
1483
1473
1414
1472
1496
1462
1436
1484
1412
1415
1426
1474
1437
1461
1413
1424
1438
1494
1425
1460
1495
1714
1670
1773
1669
1738
1659
1680
1623
1647
1657
1762
1611
1726
1634
1599
1635
1658
1646
1598
1622
1690
1610
1750
1681
1702
1043
1054
1122
1065
1123
1042
1124
1053
1100
1055
1112
1088
1101
1113
1077
1089
1066
1076
1090
1111
1064
1067
1150
1142
1201
1153
1152
1211
1212
1186
1220
1128
1164
1140
1162
1141
1174
1200
1209
1188
1189
1198
1165
1177
1130
1129
1176
2292
2371
2359
2399
2375
2422
2304
2352
2383
2411
2316
2387
2363
2419
2268
2407
2430
2338
2395
2280
2347
2433
2256
2364
940
964
1000
1009
1020
1222
1235
1327
1234
1270
1258
1224
1272
1282
1236
1260
1305
1306
1259
1246
1271
1247
1283
1248
1223
1284
1315
1294
1295
759
771
757
794
829
839
781
782
783
758
827
770
806
769
840
805
817
818
780
816
828
838
793
792
804
799
768
775
803
815
755
720
756
708
742
837
751
811
791
660
684
763
696
826
823
834
779
767
672
787
1323
1334
1400
1320
1401
1356
1374
1368
1355
1379
1339
1390
1378
1389
1331
1319
1343
1321
1351
1332
1344
1333
1367
1386
1363
1345
1397
1172
1196
1173
1197
1217
1135
1218
1161
1171
1219
1147
1160
1004
980
992
943
1003
1026
979
957
1025
956
944
999
1014
1015
955
967
987
981
1022
945
1011
968
969
991
1170
1169
1180
1145
1192
1214
1215
1134
1157
1205
1213
1144
1146
1182
1181
1156
1216
1193
1203
1132
1133
1168
1194
1158
1204
1255
1266
1290
1291
1300
1254
1244
1268
1232
1267
1301
1313
1231
1292
1243
1312
1311
1279
1280
1242
1278
1256
1302
1230
1303
739
671
716
707
728
731
750
730
738
695
670
706
719
718
668
682
683
704
694
659
741
603
646
568
605
628
593
581
592
615
569
649
535
476
501
500
558
546
511
524
490
559
477
488
487
499
1264
1289
567
635
591
579
627
617
629
580
639
640
650
604
616
638
601
596
608
681
637
669
614
590
613
625
657
626
697
589
648
740
661
705
566
673
602
685
577
729
578
693
717
749
692
658
680
736
689
713
714
691
702
678
679
735
737
665
690
748
715
726
667
701
724
746
747
666
703
727
677
725
519
563
599
507
575
496
495
506
542
530
483
543
520
531
532
611
471
623
554
587
518
508
472
484
553
478
489
523
536
547
548
512
537
557
513
525
514
470
549
479
503
527
550
515
562
494
538
540
516
526
491
502
492
539
504
561
480
551
482
560
710
698
723
745
733
686
712
699
744
662
722
676
663
687
675
734
664
688
721
711
732
700
743
674
709
570
594
630
619
643
641
607
652
606
582
653
571
584
620
632
572
618
631
654
595
651
583
642
576
565
598
585
610
636
612
564
586
633
621
573
647
597
609
624
634
600
656
645
574
622
588
644
655
1787
1890
1847
1846
1926
1799
1878
1942
1835
1953
1938
1950
1882
1961
1858
1914
1869
1906
1811
1823
1902
1894
1964
1918
1930
1897
1920
1885
1907
1965
1895
1966
1931
1944
1896
1954
1955
1883
1943
1884
1908
1919
1932
841
784
797
831
772
807
798
820
786
785
830
774
808
821
843
762
819
842
796
795
832
825
773
800
833
778
801
813
810
777
790
788
812
822
809
835
754
764
776
753
824
761
802
766
789
836
760
844
752
765
2443
2551
2607
2456
2468
2526
2535
2467
2618
2491
2455
2525
2571
2595
2515
2547
2492
2504
2480
2444
2539
2559
2503
2583
2473
2531
2500
2449
2509
2484
2496
2508
2519
2490
2451
2487
2466
2488
2478
2499
2502
2511
2512
2442
2476
2522
2452
2454
2523
2534
2497
2498
2461
2520
2521
2475
2514
2485
2464
2532
2462
2450
2510
2530
2463
2533
2549
2597
2560
2609
2585
2572
2596
2562
2574
2619
2586
2598
2578
2625
2613
2614
2555
2603
2590
2591
2567
2624
2543
2579
2544
2602
2537
2573
2538
2561
2606
2626
2568
2536
2592
2594
2558
2580
2617
2581
2605
2546
2593
2556
2548
2570
2627
2584
2550
2608
2620
2582
2604
2615
2628
2545
2616
2557
2569
2204
2203
2227
2164
2188
2214
2235
2190
2248
2167
2224
2176
2166
2237
2236
2177
2226
2225
2212
2213
2178
2201
2189
2246
2247
2165
2200
2202
2289
2253
2325
2269
2222
2339
2328
2186
2336
2198
2257
2317
2277
2301
2210
2282
2258
2265
2306
2294
2270
2293
2305
2281
2313
2195
2211
2187
2199
2163
2183
2207
2245
2219
2234
2242
2223
2175
2231
2172
2192
2228
2170
2180
2251
2179
2205
2168
2249
2238
2191
2229
2239
2216
2240
2250
2193
2215
2181
2169
2217
2206
2173
2241
2232
2174
2194
2162
2230
2196
2182
2220
2233
2208
2218
2221
2244
2160
2184
2243
2197
2185
2252
2161
2209
2057
2065
2034
2046
1974
2021
2043
1998
1985
2009
2019
1987
1997
2010
2056
1975
1995
2022
2045
2054
1973
2007
2033
1986
2031
2076
2147
2077
2089
2100
2134
2088
2156
2135
2075
2122
2146
2123
2155
2124
2136
2087
2111
2144
2157
2112
2145
1901
1913
1960
1939
1962
1970
1889
1949
1892
1925
1937
1948
1891
1971
1903
1924
1887
1898
1888
1946
1899
1909
1957
1933
1968
1945
1921
1923
1911
1922
1912
1947
1958
1956
1886
1910
1934
1935
1969
1900
1967
1904
1988
1915
1951
1959
1916
1879
1927
1880
1936
1917
2024
2055
1976
2036
1941
1963
1881
1905
1996
2000
1929
1972
2012
2020
2044
1984
2008
1940
2032
1893
1952
1928
2047
2027
2058
2059
1979
2037
2049
1977
2050
1978
2001
2048
2061
2003
2014
1991
2013
2039
2015
2026
1989
2060
2025
2038
1990
2002
2051
2062
1994
1992
2041
2028
2005
1980
1982
2053
2016
2030
2004
2018
2029
2064
2040
1983
2052
1981
2042
2006
2063
1993
2017
1999
2090
2118
2125
2070
2113
2011
2105
2137
2078
2082
2140
2066
2101
2035
2083
2106
2095
2148
2094
2071
2023
2117
2129
2151
2159
2102
2069
2093
2079
2150
2104
2128
2171
2068
2127
2081
2067
2149
2114
2139
2116
2080
2126
2115
2091
2138
2092
2158
2074
2142
2121
2133
2130
2107
2108
2086
2098
2096
2120
2153
2072
2109
2097
2154
2119
2131
2143
2073
2141
2084
2085
2132
2152
1078
1102
1499
1429
1477
1755
1719
1756
1694
1696
1731
1706
1767
1730
1776
1765
1742
1707
1732
1718
1754
1697
1695
1766
1743
1744
1777
1778
1708
1720
952
962
949
1019
974
986
988
1008
976
1031
1021
1032
961
997
1010
1030
950
985
814
897
893
869
928
845
881
850
909
857
905
861
849
886
917
862
874
931
885
898
932
873
910
920
921
923
922
875
901
935
854
876
851
900
924
934
912
933
911
913
864
852
853
889
865
899
863
887
877
888
1600
1648
1656
1565
1620
1529
1528
1644
1540
1632
1596
1552
1668
1636
1517
1576
1608
1541
1564
1624
1587
1612
1505
1553
1679
1375
1341
1317
1318
1398
1399
1408
1468
1329
1387
1366
1480
1420
1444
1377
1456
1354
1342
1432
1388
1330
1376
1365
1353
1491
1539
1586
1504
1524
1513
1584
1515
1525
1551
1583
1548
1572
1549
1595
1561
1594
1516
1536
1575
1527
1563
1560
1573
1503
1537
1532
1577
1566
1578
1531
1556
1520
1579
1588
1567
1519
1568
1507
1508
1589
1543
1590
1544
1555
1651
1637
1672
1638
1682
1602
1662
1630
1678
1631
1597
1666
1688
1607
1606
1633
1654
1676
1677
1609
1687
1689
1645
1655
1643
1653
1642
1618
1621
1667
1619
1665
1410
1445
1466
1479
1433
1457
1419
1481
1454
1469
1490
1501
1422
1455
1430
1443
1409
1431
1442
1500
1478
1489
1421
1467
1492
926
904
858
866
890
891
892
902
868
925
856
916
903
915
878
855
867
914
927
880
879
938
846
936
937
1675
1664
1629
1685
1604
1605
1686
1616
1641
1617
1628
1640
1652
1674
1734
1735
1768
1711
1759
1723
1709
1710
1733
1747
1699
1745
1698
1780
1721
1746
1757
1779
1769
1722
1758
1700
1724
1703
1712
1715
1737
1736
1691
1751
1701
1739
1782
1749
1781
1748
1771
1770
1772
1761
1727
1760
1713
1783
1725
1763
1040
1049
1063
1038
1085
1098
1050
1052
1109
1074
1120
1061
1108
1086
1075
1121
1087
1110
1099
1119
1051
1097
1039
1062
1073
1625
1671
1614
1673
995
1006
1029
983
948
982
947
971
946
996
1028
994
1027
958
1016
970
993
959
1005
960
1017
2540
2553
2575
2552
2565
2601
2541
2612
2600
2623
2566
2588
2542
2587
2621
2599
2610
2554
2622
2589
2563
2564
2611
2576
2577
1092
1034
1068
1094
1079
1046
1058
1056
1125
1070
1082
1106
1115
1080
1059
1103
1114
1071
1104
1044
1047
1126
1091
1035
1117
1137
1159
1195
1136
1185
1148
1149
1208
1184
1138
1183
1206
1207
1072
1143
1210
1187
1163
1060
1036
1118
1107
1175
1096
1191
1127
1202
1139
1151
1048
1199
1155
1179
1083
1167
1084
1095
1131
1166
1190
1245
1154
1285
1225
1274
1226
1249
1250
1273
1237
1262
1293
1221
1269
1281
1296
1304
1233
1257
1178
1238
1261
1307
1740
1844
1741
1856
1832
1752
1796
1800
1808
1704
1867
1764
1728
1774
1692
1717
1820
1753
1788
1729
1775
1716
1784
1693
1705
1795
1822
1819
1843
1785
1834
1797
1865
1855
1866
1786
1831
1868
1876
1810
1877
1842
1857
1821
1833
1845
1798
1807
1809
1854
1851
1817
1873
1863
1818
1829
1794
1792
1852
1874
1816
1841
1805
1862
1806
1840
1830
1793
1875
1839
1853
1864
1804
1827
1828
1870
1826
1849
1789
1838
1803
1815
1813
1850
1837
1861
1859
1871
1825
1836
1801
1848
1814
1802
1812
1791
1860
1790
1824
1872
