2443
2551
2535
2467
2618
2607
2456
2468
2526
2491
2455
2525
2571
2595
2515
2547
2492
2504
2480
2444
2539
2559
2503
2583
2473
2500
2449
2509
2502
2484
2496
2508
2519
2490
2451
2487
2466
2488
2478
2499
2531
2511
2512
2442
2476
2522
2452
2454
2523
2534
2497
2498
2461
2520
2521
2475
2514
2485
2464
2532
2462
2450
2510
2530
2463
2533
2549
2560
2609
2572
2596
2585
2562
2574
2597
2578
2625
2613
2614
2555
2603
2590
2591
2567
2624
2543
2579
2544
2602
2537
2573
2538
2561
2606
2626
2568
2536
2592
2594
2558
2580
2617
2581
2605
2546
2593
2556
2548
2570
2627
2619
2586
2598
2584
2550
2608
2620
2582
2604
2615
2628
2545
2616
2557
2569
2204
2203
2227
2214
2235
2190
2248
2167
2224
2164
2188
2237
2166
2176
2236
2177
2226
2225
2212
2213
2178
2201
2189
2246
2247
2165
2200
2202
2289
2253
2325
2269
2222
2339
2328
2186
2336
2198
2257
2317
2277
2301
2210
2282
2258
2265
2306
2294
2270
2293
2305
2281
2313
2195
2211
2187
2199
2163
2183
2207
2245
2219
2234
2242
2223
2175
2231
2172
2192
2228
2170
2180
2251
2179
2205
2168
2249
2238
2191
2229
2239
2216
2240
2250
2193
2215
2181
2169
2217
2206
2173
2241
2232
2174
2194
2162
2230
2196
2182
2220
2233
2208
2218
2221
2244
2160
2184
2243
2197
2185
2252
2161
2209
1007
1018
2110
2099
2103
972
984
2479
2474
2486
481
552
493
529
505
521
469
517
541
474
544
486
509
497
498
475
522
556
473
533
485
545
534
510
555
1041
1562
1471
1446
1459
1518
1550
1482
1502
1493
1434
1538
1458
1526
1530
1574
1470
1554
1435
1514
1447
1506
1585
1423
1411
1542
1452
1453
1440
1417
1428
973
977
528
1407
1373
1326
1384
1352
1394
1349
1337
1350
1385
1316
1362
1338
1405
1372
1328
1406
1364
1340
1325
1396
1383
1361
1395
1346
1370
1404
1348
1360
1336
1371
1347
1381
1402
1322
1358
1324
1382
1393
1335
1357
1369
1359
1380
1392
1391
1403
954
953
1105
1002
941
1057
1069
1001
1033
1045
1013
1093
966
1012
942
1081
1037
1116
965
978
989
1023
990
1024
2446
2472
2469
2529
2493
2495
2528
2494
2507
2458
998
2527
2481
2506
2465
2361
2397
2459
2518
2505
2447
2517
2398
2513
2349
2386
2445
2421
2457
2309
2261
2259
2284
2329
2273
2285
2271
2308
2319
2470
2448
2483
2362
2471
2482
2524
2350
2501
2460
2516
2374
2410
2432
2431
2441
2477
2373
2385
2489
2409
2453
2396
2408
2429
2348
2440
2406
2360
2372
2384
2418
2420
2390
2365
2435
2377
2400
2425
2376
2388
2353
2414
2366
2401
2436
2402
2354
2434
2423
2389
2412
2413
2367
2378
2424
2355
2379
2382
2358
2438
2392
2426
2428
2393
2394
2381
2357
2404
2417
2439
2356
2391
2437
2368
2369
2416
2427
2380
2405
2403
2370
2415
646
568
605
628
569
593
581
649
592
615
739
671
716
750
730
738
707
728
731
718
706
670
695
719
668
682
683
704
694
659
741
535
476
501
500
558
546
511
524
559
490
477
488
487
499
1264
1289
629
591
579
627
603
617
580
639
601
596
608
681
637
669
625
657
590
613
566
614
661
577
729
578
693
717
602
673
685
705
626
697
589
648
740
567
635
640
650
604
616
638
749
692
658
680
736
689
713
714
691
702
678
679
735
737
665
690
748
715
726
667
701
724
746
747
666
703
727
677
725
519
563
599
530
483
543
507
575
495
542
496
506
520
531
532
611
471
623
554
587
518
508
472
484
553
478
489
523
536
547
548
512
537
557
513
525
514
470
549
479
503
527
550
515
562
494
538
540
516
526
491
502
492
539
504
561
480
551
482
560
733
686
712
710
662
722
676
663
687
698
723
745
675
734
664
688
699
744
721
711
732
700
743
674
709
570
594
630
619
643
641
607
652
606
582
653
571
584
620
632
572
618
631
654
595
651
583
642
576
565
598
585
610
636
612
564
586
633
621
573
647
597
609
624
634
600
656
645
574
622
588
644
655
1787
1890
1847
1846
1926
1799
1878
1942
1835
1953
1938
1950
1882
1961
1858
1914
1869
1906
1811
1823
1902
1894
1964
1918
1930
1897
1920
1885
1907
1965
1895
1966
1931
1944
1896
1954
1955
1883
1943
1884
1908
1919
1932
841
784
797
831
772
774
821
807
786
785
830
798
820
843
819
762
808
842
796
795
832
825
773
800
833
778
801
813
810
777
790
788
812
822
809
835
754
764
776
753
824
761
802
766
789
836
760
844
752
765
949
952
962
1019
974
986
988
1008
976
1031
1021
1032
961
997
1010
1030
950
985
1684
1626
1660
1670
1773
1669
1738
1659
1680
1623
1647
1657
1762
1726
1611
1658
1714
1634
1599
1635
1610
1750
1681
1702
1646
1598
1622
1690
2351
1078
1102
1314
2311
2322
2298
2323
2274
2333
2275
2343
2263
2262
2287
2286
2332
2299
2310
2344
2303
2266
2291
2326
2276
2279
2255
2264
2302
2290
2324
2278
2314
2312
2315
2345
2254
2334
2288
2300
2335
2267
2346
2327
2337
883
871
894
859
919
951
848
870
963
930
847
884
896
908
895
882
906
975
907
939
860
929
872
918
1488
1476
1427
1487
1416
1497
1418
1451
1475
1464
1486
1498
1465
1463
1439
1441
1449
1485
1448
1450
1483
1473
1414
1472
1496
1462
1436
1484
1412
1415
1426
1474
1437
1461
1413
1424
1438
1494
1425
1460
1495
1276
1239
1288
1310
1252
1286
1297
1299
1265
1229
1277
1253
1309
1227
1251
1263
1298
1241
1287
1240
1275
1228
1308
1546
1591
1570
1545
1512
1521
1547
1580
1593
1534
1511
1581
1522
1582
1592
1533
1557
1509
1523
1569
1571
1535
1559
1510
1558
1043
1054
1122
1065
1123
1042
1124
1053
1100
1055
1112
1088
1101
1113
1077
1089
1066
1076
1090
1111
1064
1067
1150
1142
1201
1153
1152
1211
1212
1186
1220
1128
1164
1140
1162
1141
1174
1200
1209
1188
1189
1198
1165
1177
1130
1129
1176
2297
2283
2318
2260
2341
2295
2307
2399
2359
2292
2371
2375
2422
2304
2352
2383
2411
2316
2387
2363
2419
2268
2407
2430
2338
2395
2280
2347
2433
2256
2364
964
1000
940
1009
1020
1222
1235
1236
1327
1234
1270
1258
1224
1272
1282
1260
1305
1306
1259
1246
1271
1247
1283
1248
1223
1284
1315
1294
1295
759
771
757
794
829
839
781
782
783
758
827
770
806
805
817
818
769
840
780
816
828
838
793
792
804
799
768
775
803
815
755
720
756
708
742
837
751
811
791
660
684
763
696
826
823
834
779
767
672
787
1323
1320
1401
1334
1400
1356
1374
1368
1355
1379
1339
1390
1378
1389
1331
1319
1343
1321
1351
1332
1344
1333
1367
1386
1363
1345
1397
1172
1196
1173
1197
1217
1135
1218
1161
1171
1219
1147
1160
1170
1214
1169
1215
1180
1134
1157
1205
1213
1193
1203
1132
1133
1168
1194
1158
1204
1145
1192
1144
1146
1182
1181
1156
1216
1004
980
992
979
957
1025
956
944
999
1014
1015
955
967
987
943
1003
1026
981
1022
945
1011
968
969
991
1255
1266
1290
1291
1300
1254
1244
1268
1232
1267
1301
1313
1231
1292
1243
1312
1311
1279
1280
1242
1278
1256
1302
1230
1303
2321
2342
2331
2340
2272
2320
2296
2330
2057
2065
2034
2046
2010
2056
1974
2021
2043
1998
1985
2009
1975
1995
2022
2045
2054
2033
1986
2031
1973
2007
2019
1987
1997
2076
2147
2123
2155
2124
2136
2087
2111
2144
2157
2112
2145
2077
2089
2100
2134
2088
2156
2135
2075
2122
2146
1901
1913
1960
1889
1949
1970
1939
1962
1892
1925
1937
1948
1891
1971
1903
1924
1887
1898
1888
1946
1899
1909
1957
1933
1968
1945
1921
1923
1911
1922
1912
1947
1958
1956
1886
1910
1934
1935
1969
1900
1967
1904
1988
1915
1951
1959
1916
1880
1936
1879
1927
1928
2047
2055
1917
2024
2012
2020
2044
1984
2008
1940
2032
1893
1952
1976
2036
1941
1963
1881
1905
1996
2000
1929
1972
2027
1978
2001
2058
2059
1977
2050
1979
2037
2049
2048
2003
2061
2013
2014
2039
2015
2026
1991
1989
2060
2025
2038
1990
2002
2051
2062
1994
1992
2041
2028
2005
1980
1982
2053
2016
2030
2004
2018
2029
2064
2040
1983
2052
1981
2042
2006
2063
1993
2017
1999
2078
2090
2118
2125
2070
2113
2011
2105
2137
2082
2140
2066
2101
2035
2083
2106
2095
2148
2094
2071
2023
2117
2129
2151
2159
2102
2069
2093
2079
2150
2104
2128
2171
2081
2158
2127
2068
2067
2149
2115
2138
2091
2092
2114
2139
2116
2080
2126
2133
2121
2086
2074
2107
2108
2130
2142
2098
2096
2120
2153
2072
2109
2097
2154
2119
2131
2143
2073
2141
2152
2084
2085
2132
814
897
893
869
928
850
905
909
881
845
857
861
849
886
917
862
874
931
885
898
932
873
910
920
921
923
922
875
901
935
854
876
851
900
924
934
912
933
911
913
864
852
853
889
865
899
863
887
877
888
1499
1429
1477
1755
1719
1756
1694
1696
1731
1706
1767
1730
1776
1765
1742
1707
1732
1718
1777
1778
1708
1720
1697
1754
1695
1766
1743
1744
1675
1664
1629
1685
1604
1605
1686
1616
1641
1617
1628
1640
1652
1674
1734
1735
1768
1711
1759
1723
1709
1710
1733
1747
1699
1745
1698
1780
1721
1746
1757
1779
1769
1722
1758
1700
1724
1703
1712
1715
1737
1751
1691
1736
1701
1739
1782
1749
1781
1748
1771
1770
1772
1761
1727
1760
1713
1783
1725
1763
1639
1649
1650
1613
1663
1627
1601
1683
1600
1648
1656
1565
1620
1529
1528
1644
1540
1632
1596
1552
1668
1636
1517
1576
1564
1624
1541
1608
1587
1612
1505
1553
1679
1375
1341
1317
1318
1366
1398
1399
1408
1468
1480
1329
1387
1420
1444
1377
1456
1354
1342
1432
1365
1353
1491
1388
1330
1376
1539
1586
1504
1524
1515
1525
1513
1584
1551
1583
1549
1595
1548
1572
1561
1594
1516
1536
1575
1527
1563
1573
1560
1503
1537
1532
1577
1566
1578
1531
1556
1520
1579
1588
1567
1519
1568
1543
1544
1590
1507
1555
1508
1589
1615
1602
1662
1651
1637
1672
1638
1682
1603
1661
1630
1678
1654
1676
1677
1609
1687
1689
1631
1597
1666
1688
1607
1606
1633
1645
1655
1643
1653
1642
1618
1621
1667
1619
1665
1410
1445
1466
1479
1433
1457
1419
1481
1454
1469
1490
1501
1422
1430
1443
1478
1489
1421
1467
1492
1409
1442
1500
1431
1455
1285
1225
1274
1154
1166
1190
1245
1226
1249
1250
1273
1296
1237
1262
1293
1269
1221
1304
1281
1233
1257
1178
1238
1261
1307
926
904
858
866
890
891
892
902
868
925
903
915
856
916
878
855
867
914
927
880
879
938
846
936
937
1040
1049
1063
1038
1085
1109
1098
1050
1052
1074
1120
1087
1110
1061
1108
1086
1075
1121
1099
1119
1051
1097
1039
1062
1073
1740
1844
1775
1820
1832
1752
1796
1800
1808
1741
1856
1729
1753
1788
1704
1867
1764
1728
1774
1692
1717
1716
1784
1693
1705
1795
1822
1834
1819
1843
1797
1785
1855
1866
1865
1868
1876
1810
1877
1842
1809
1857
1821
1833
1845
1798
1807
1854
1786
1831
1851
1817
1873
1863
1818
1829
1794
1792
1852
1874
1816
1841
1805
1862
1806
1840
1793
1830
1875
1839
1853
1864
1804
1827
1828
1870
1803
1789
1838
1815
1849
1813
1850
1825
1836
1837
1861
1859
1814
1826
1801
1848
1871
1802
1812
1791
1860
1790
1824
1872
1625
1671
1614
1673
995
1006
1029
948
982
983
947
971
946
996
1028
994
1027
958
1005
960
1017
959
1016
970
993
2553
2540
2575
2552
2565
2601
2541
2612
2600
2566
2623
2577
2588
2542
2599
2610
2554
2622
2587
2621
2576
2611
2589
2563
2564
1092
1034
1068
1094
1079
1046
1058
1056
1125
1070
1082
1106
1115
1080
1059
1103
1114
1071
1104
1044
1047
1126
1091
1035
1117
1137
1136
1159
1195
1185
1148
1149
1208
1184
1138
1183
1206
1207
1072
1143
1210
1187
1163
1060
1036
1118
1107
1175
1096
1191
1127
1202
1139
1151
1048
1199
1155
1179
1083
1167
1084
1095
1131
